python3 decompress_phix.py 12.720097 13.246100 14.238646 0.34772572 0.48160877 0.87113502 0.74111857 "sim24"
python3 decompress_phix.py 14.244611 15.487288 21.704158 0.26850297 0.60008435 0.12995053 0.52606150 "sim35"
python3 decompress_phix.py 8.883655 11.221953 12.423705 0.22108625 0.70586874 0.46935461 0.45644752 "sim8"
python3 decompress_phix.py 11.219179 10.387983 11.115519 0.48892370 0.44174186 0.25935874 0.94839795 "sim22"
python3 decompress_phix.py 14.397037 15.064571 21.219002 0.53086631 0.17628287 0.93496626 0.67173716 "sim50"
python3 decompress_phix.py 13.699211 14.948255 17.656550 0.18664494 0.82475249 0.81638112 0.33393809 "sim27"
python3 decompress_phix.py 13.647725 14.762989 16.706631 0.29611191 0.86414703 0.06759545 0.46168127 "sim19"
python3 decompress_phix.py 12.513564 13.767343 14.214494 0.14637150 0.49702109 0.93855801 0.61465751 "sim36"
python3 decompress_phix.py 3.315143 14.199956 16.521404 0.48352943 0.83548740 0.68757062 0.43097336 "sim49"
python3 decompress_phix.py 13.466611 14.787742 15.889520 0.30151540 0.18048190 0.71494443 0.59501386 "sim21"


